   tamMatriz  tempoSequencial  tempo2Thread  tempo4Thread  tempo8Thread
0        128         0.000212      0.000644      0.000588      0.020172
1        256         0.001704      0.001351      0.001716      0.017425
2        512         0.013723      0.014095      0.008459      0.022718
3       1024         0.118134      0.083916      0.051203      0.038615
4       2048         1.771400      1.251890      0.726579      0.521861
5       4096         9.631800      7.313070      6.466470      3.706600

   tamMatriz  speedup2Thread  speedup4Thread  speedup8Thread
0        128        0.329617        0.360838        0.010521
1        256        1.261980        0.993211        0.097816
2        512        0.973596        1.622220        0.604055
3       1024        1.407780        2.307150        3.059320
4       2048        1.414980        2.438000        3.394390
5       4096        1.317070        1.489500        2.598560

   tamMatriz  eficiencia2Thread  eficiencia4Thread  eficiencia8Thread
0        128           0.164808           0.090209           0.001315
1        256           0.630989           0.248303           0.012227
2        512           0.486798           0.405555           0.075507
3       1024           0.703889           0.576788           0.382416
4       2048           0.707492           0.609501           0.424299
5       4096           0.658533           0.372375           0.324819

