   tamMatriz  tempoSequencial  tempo2Thread  tempo4Thread  tempo8Thread
0        128         0.000179      0.000577      0.000629      0.022758
1        256         0.002051      0.001951      0.002989      0.014961
2        512         0.015502      0.014604      0.009775      0.019507
3       1024         0.119026      0.087490      0.051015      0.050841
4       2048         2.024350      1.468480      0.748469      0.585503
5       4096        10.975900      8.729150      4.919250      3.924260

   tamMatriz  speedup2Thread  speedup4Thread  speedup8Thread
0        128        0.310573        0.284966        0.007876
1        256        1.051340        0.686183        0.137085
2        512        1.061500        1.585990        0.794706
3       1024        1.360450        2.333150        2.341130
4       2048        1.378530        2.704660        3.457460
5       4096        1.257380        2.231210        2.796920

   tamMatriz  eficiencia2Thread  eficiencia4Thread  eficiencia8Thread
0        128           0.155286           0.071242           0.000984
1        256           0.525672           0.171546           0.017136
2        512           0.530750           0.396497           0.099338
3       1024           0.680223           0.583288           0.292642
4       2048           0.689267           0.676165           0.432183
5       4096           0.628690           0.557802           0.349615

